105
109
112
111
114
116
32
39
97
110
115
119
101
114
95
111
112
116
105
111
110
46
100
97
114
116
39
59
10
10
99
108
97
115
115
32
78
105
104
115
115
81
117
101
115
116
105
111
110
32
123
10
32
32
102
105
110
97
108
32
83
116
114
105
110
103
32
105
100
59
32
47
47
32
101
46
103
46
44
32
39
49
97
39
10
32
32
102
105
110
97
108
32
83
116
114
105
110
103
32
116
105
116
108
101
59
32
47
47
32
101
46
103
46
44
32
39
66
101
118
105
115
115
116
104
101
116
115
110
105
118
195
165
39
10
32
32
102
105
110
97
108
32
83
116
114
105
110
103
63
32
100
101
115
99
114
105
112
116
105
111
110
59
10
32
32
102
105
110
97
108
32
83
116
114
105
110
103
63
32
103
117
105
100
97
110
99
101
59
32
47
47
32
72
118
111
114
100
97
110
32
117
116
102
195
184
114
101
32
118
117
114
100
101
114
105
110
103
10
32
32
102
105
110
97
108
32
76
105
115
116
60
65
110
115
119
101
114
79
112
116
105
111
110
62
32
111
112
116
105
111
110
115
59
10
10
32
32
99
111
110
115
116
32
78
105
104
115
115
81
117
101
115
116
105
111
110
40
123
10
32
32
32
32
114
101
113
117
105
114
101
100
32
116
104
105
115
46
105
100
44
10
32
32
32
32
114
101
113
117
105
114
101
100
32
116
104
105
115
46
116
105
116
108
101
44
10
32
32
32
32
114
101
113
117
105
114
101
100
32
116
104
105
115
46
111
112
116
105
111
110
115
44
10
32
32
32
32
116
104
105
115
46
100
101
115
99
114
105
112
116
105
111
110
44
10
32
32
32
32
116
104
105
115
46
103
117
105
100
97
110
99
101
44
10
32
32
125
41
59
10
125
10

